method:LHC
n_points: 500 
system: ki-ls
n_jobs : 50
max_time: 24 
outputdir: /u/ki/swmclau2/des/PearceLHC_wp_z_test_error/
bins:[  0.06309573,   0.12437607,   0.24517359,   0.34422476, 0.48329302, 0.67854546,   0.9526807 , 1.33756775,1.8779508 ,   2.6366509 ,   3.70186906,   5.19743987, 7.29722764,  10.24533859,  14.38449888,  20.1958975 , 28.35512583,  39.81071706]
obs: wp 
simname: chinchilla
scale_factor: [1.0]
Lbox: 400.0
npart:2048
n_repops: 10
