method:LHC
n_points: 500 
system: ki-ls
n_jobs : 50
max_time: 24 
outputdir: /u/ki/swmclau2/des/PearceLHC_wp_z_sham_emulator/
bins:[0.07943282,0.11450476,0.16506198,0.23794172,0.343,0.49444461,0.71275648,1.02745949,1.48111314,2.13506826,3.07776385,4.43668733,6.3956156,9.21946845,13.29013559,19.15812229,27.61699813,39.81071706]
obs: wp 
simname: chinchilla
scale_factor: [1.0]
Lbox: 400.0
npart:2048
n_repops: 50
